-0.150008, 0.1, 0.0500004, 0.5, 0.2, -0.0499997, -0.25, -0.35, -0.2, 
-0.0737956, 0.102253, 0.0500003, 0.484301, 0.186547, 0.0024104, -0.196954, -0.221442, -0.0736664, 
-0.0617286, 0.0889762, 0.0464118, 0.423553, 0.165343, 0.0129849, -0.164241, -0.18571, -0.0573765, 
-0.0556538, 0.0763794, 0.0430199, 0.368093, 0.146699, 0.0181973, -0.13835, -0.161652, -0.0512612, 
-0.0505569, 0.0655874, 0.0400746, 0.320954, 0.131078, 0.0216134, -0.117222, -0.141728, -0.0465978, 
-0.0459903, 0.0564263, 0.0375291, 0.28113, 0.118069, 0.0238628, -0.0999026, -0.124806, -0.0425591, 
-0.04189, 0.048642, 0.0353181, 0.247423, 0.107229, 0.0252477, -0.0856656, -0.110371, -0.0390088, 
-0.0382133, 0.0420099, 0.033387, 0.218787, 0.0981674, 0.0259843, -0.0739208, -0.0980217, -0.0358763, 
-0.0349192, 0.0363416, 0.0316906, 0.194355, 0.090561, 0.0262387, -0.0641945, -0.0874207, -0.0330997, 
-0.0319668, 0.0314814, 0.0301907, 0.173414, 0.0841443, 0.0261369, -0.0561056, -0.0782876, -0.0306278, 
-0.0293177, 0.0273007, 0.0288571, 0.155383, 0.0787018, 0.0257765, -0.0493492, -0.0703884, -0.0284147, 
-0.0269379, 0.0236942, 0.0276644, 0.139785, 0.0740604, 0.0252304, -0.0436804, -0.0635307, -0.0264252, 
-0.0247971, 0.0205737, 0.0265915, 0.126232, 0.0700797, 0.0245553, -0.0389049, -0.0575537, -0.0246274, 
-0.0228689, 0.0178668, 0.0256219, 0.114404, 0.0666481, 0.0237931, -0.034864, -0.0523251, -0.022996, 
-0.0211288, 0.015514, 0.0247406, 0.104041, 0.0636735, 0.0229776, -0.0314301, -0.0477359, -0.0215105, 
-0.0195575, 0.0134642, 0.0239359, 0.0949262, 0.0610825, 0.0221317, -0.0285, -0.0436933, -0.0201536, 
-0.0181354, 0.0116753, 0.0231976, 0.0868797, 0.0588145, 0.0212746, -0.0259902, -0.0401206, -0.0189096, 
-0.0168478, 0.0101109, 0.0225173, 0.0797524, 0.0568214, 0.02042, -0.0238318, -0.0369533, -0.0177665, 
-0.0156798, 0.00874217, 0.0218878, 0.0734195, 0.0550621, 0.0195772, -0.0219684, -0.0341368, -0.0167145, 
-0.0146206, 0.00754257, 0.0213029, 0.0677762, 0.0535035, 0.0187543, -0.0203535, -0.0316261, -0.0157442, 
-0.0136575, 0.00649047, 0.0207582, 0.0627336, 0.0521184, 0.0179562, -0.0189492, -0.0293807, -0.0148479, 
-0.0127826, 0.00556713, 0.0202481, 0.0582165, 0.0508843, 0.0171863, -0.0177236, -0.0273677, -0.0140191, 
-0.0119862, 0.00475695, 0.0197694, 0.054161, 0.0497816, 0.0164469, -0.01665, -0.0255597, -0.0132522, 
-0.0112612, 0.00404581, 0.0193186, 0.0505128, 0.0487951, 0.01574, -0.0157069, -0.0239301, -0.0125415, 
-0.010601, 0.00342121, 0.0188924, 0.0472246, 0.047911, 0.0150649, -0.0148755, -0.0224598, -0.011883, 
-0.0099995, 0.00287391, 0.0184886, 0.0442567, 0.0471187, 0.0144227, -0.0141407, -0.0211291, -0.0112721, 
-0.00945146, 0.0023941, 0.0181053, 0.0415737, 0.0464083, 0.0138129, -0.0134883, -0.0199234, -0.0107059, 
-0.00895183, 0.00197401, 0.0177402, 0.0391451, 0.0457719, 0.0132344, -0.0129086, -0.0188282, -0.0101802, 
-0.00849662, 0.00160683, 0.0173914, 0.036945, 0.0452035, 0.012686, -0.0123916, -0.0178323, -0.0096925, 
-0.00808161, 0.00128742, 0.0170575, 0.0349509, 0.0446969, 0.0121681, -0.0119301, -0.0169246, -0.00924054, 
-0.0077041, 0.00100934, 0.0167371, 0.0331421, 0.0442471, 0.0116779, -0.0115167, -0.0160961, -0.00882163, 
-0.00736017, 0.000769159, 0.0164295, 0.0315014, 0.0438508, 0.0112153, -0.0111458, -0.0153389, -0.00843273, 
-0.00704798, 0.000562159, 0.0161328, 0.0300129, 0.043504, 0.0107784, -0.0108128, -0.0146467, -0.00807305, 
-0.00676455, 0.000385019, 0.0158465, 0.0286641, 0.0432047, 0.0103666, -0.0105131, -0.0140123, -0.00774017, 
-0.00650725, 0.000234882, 0.0155693, 0.027442, 0.0429498, 0.00997846, -0.0102438, -0.0134306, -0.00743245, 
-0.00627485, 0.000109039, 0.0153009, 0.0263362, 0.0427379, 0.00961244, -0.0100008, -0.0128968, -0.00714795, 
-0.00606544, 4.73729e-06, 0.0150407, 0.0253375, 0.0425676, 0.00926778, -0.00978244, -0.0124068, -0.00688543, 
-0.00587742, -7.97725e-05, 0.0147872, 0.0244382, 0.0424375, 0.00894293, -0.0095858, -0.0119567, -0.00664442, 
-0.00570872, -0.000146816, 0.0145402, 0.0236309, 0.0423471, 0.00863717, -0.00940992, -0.0115427, -0.0064222, 
-0.00555882, -0.000197338, 0.0142997, 0.0229088, 0.0422957, 0.00834938, -0.00925185, -0.0111625, -0.00621894, 
-0.00542651, -0.000232688, 0.0140642, 0.022266, 0.0422832, 0.00807877, -0.00911114, -0.0108137, -0.00603305, 
-0.00531063, -0.000254319, 0.0138339, 0.0216981, 0.0423097, 0.0078235, -0.00898578, -0.0104925, -0.00586301, 
-0.0052103, -0.000263522, 0.0136082, 0.0212007, 0.0423752, 0.00758394, -0.00887574, -0.0101982, -0.00570906, 
-0.00512495, -0.000260839, 0.0133865, 0.0207705, 0.0424806, 0.00735886, -0.00877942, -0.00992868, -0.00556976, 
-0.00505358, -0.000247125, 0.0131688, 0.0204037, 0.0426266, 0.00714704, -0.00869626, -0.00968102, -0.00544465, 
-0.00499595, -0.00022341, 0.0129545, 0.0200974, 0.0428142, 0.00694799, -0.00862595, -0.00945541, -0.0053333, 
-0.0049518, -0.000189263, 0.0127428, 0.0198498, 0.043045, 0.00676076, -0.0085671, -0.00924969, -0.00523438, 
-0.00491996, -0.00014579, 0.0125337, 0.0196592, 0.0433199, 0.00658501, -0.00852031, -0.00906247, -0.00514814, 
-0.00490094, -9.27228e-05, 0.0123274, 0.0195237, 0.0436413, 0.00642015, -0.0084849, -0.00889304, -0.00507358, 
-0.00489418, -3.09021e-05, 0.0121226, 0.019443, 0.0440115, 0.00626516, -0.00846066, -0.00874052, -0.00501063, 
-0.00489929, 4.01753e-05, 0.0119196, 0.0194158, 0.0444325, 0.0061201, -0.00844712, -0.00860392, -0.00495915, 
-0.00491707, 0.000120203, 0.011718, 0.0194423, 0.0449075, 0.00598343, -0.00844508, -0.00848258, -0.00491808, 
-0.00494701, 0.000209454, 0.0115171, 0.019523, 0.0454401, 0.00585593, -0.00845346, -0.00837546, -0.00488786, 
-0.00498893, 0.000307958, 0.0113172, 0.0196577, 0.0460335, 0.00573588, -0.00847324, -0.0082824, -0.00486808, 
-0.00504405, 0.000417246, 0.0111175, 0.0198483, 0.0466919, 0.00562362, -0.00850436, -0.00820289, -0.00485852, 
-0.00511113, 0.000536198, 0.0109178, 0.020097, 0.0474206, 0.0055183, -0.00854719, -0.00813643, -0.00485892, 
-0.0051923, 0.000666039, 0.0107174, 0.0204044, 0.0482246, 0.00541981, -0.00860118, -0.00808205, -0.00486979, 
-0.00528718, 0.000808023, 0.0105166, 0.0207737, 0.0491101, 0.00532701, -0.00866812, -0.00804018, -0.00489087, 
-0.00539642, 0.000962504, 0.0103145, 0.0212093, 0.0500844, 0.00524012, -0.00874747, -0.00801061, -0.00492189, 
-0.00552133, 0.001131, 0.0101107, 0.0217142, 0.0511553, 0.00515802, -0.0088403, -0.00799209, -0.00496284, 
-0.00566175, 0.00131492, 0.00990496, 0.0222934, 0.0523317, 0.00508075, -0.00894647, -0.00798534, -0.00501444, 
-0.00581975, 0.00151547, 0.0096965, 0.022953, 0.0536245, 0.00500755, -0.00906816, -0.00798969, -0.0050767, 
-0.00599619, 0.00173447, 0.00948499, 0.0236996, 0.0550447, 0.00493832, -0.00920504, -0.00800496, -0.00514923, 
-0.00619266, 0.00197498, 0.00926983, 0.0245418, 0.0566069, 0.00487151, -0.00935892, -0.00803047, -0.00523307, 
-0.00641101, 0.002239, 0.00905061, 0.0254885, 0.0583264, 0.00480686, -0.00953036, -0.00806665, -0.00532786, 
-0.00665259, 0.00252985, 0.00882579, 0.0265516, 0.0602215, 0.00474341, -0.0097211, -0.00811179, -0.00543359, 
-0.00692, 0.00285142, 0.0085954, 0.0277445, 0.0623138, 0.00468038, -0.00993292, -0.00816674, -0.00555128, 
-0.00721605, 0.00320848, 0.00835769, 0.0290828, 0.0646282, 0.00461648, -0.0101671, -0.00822994, -0.00568022, 
-0.00754365, 0.0036057, 0.00811263, 0.0305861, 0.067194, 0.00455062, -0.0104253, -0.00830072, -0.00582103, 
-0.00790673, 0.00405026, 0.00785814, 0.0322768, 0.070046, 0.00448062, -0.0107106, -0.00837746, -0.00597239, 
-0.00830817, 0.00454997, 0.00759294, 0.034183, 0.0732257, 0.00440474, -0.0110248, -0.00845769, -0.00613536, 
-0.00875369, 0.00511465, 0.00731569, 0.0363378, 0.0767822, 0.00432026, -0.0113712, -0.00853863, -0.00630788, 
-0.00924842, 0.00575632, 0.00702453, 0.038782, 0.0807766, 0.00422383, -0.0117531, -0.00861688, -0.006489, 
-0.00979904, 0.00648992, 0.00671654, 0.0415658, 0.0852811, 0.00411213, -0.0121741, -0.00868704, -0.00667568, 
-0.0104123, 0.00733417, 0.00638984, 0.0447519, 0.0903864, 0.00397922, -0.0126386, -0.00874051, -0.0068642, 
-0.0110977, 0.00831278, 0.00604081, 0.0484188, 0.0962037, 0.00381841, -0.0131507, -0.00876711, -0.00704861, 
-0.0118645, 0.00945649, 0.00566625, 0.0526658, 0.102874, 0.00362098, -0.0137164, -0.00875067, -0.00721869, 
-0.0127248, 0.0108059, 0.00526096, 0.0576215, 0.110575, 0.00337527, -0.0143413, -0.00866965, -0.00736064, 
-0.013691, 0.0124132, 0.00481926, 0.063453, 0.119538, 0.00306652, -0.0150319, -0.00849128, -0.00745237, 
-0.0147773, 0.0143497, 0.00433464, 0.070383, 0.130065, 0.00267294, -0.0157941, -0.00816713, -0.00745941, 
-0.0160001, 0.0167136, 0.00379852, 0.0787119, 0.142557, 0.00216591, -0.0166365, -0.00762624, -0.00733002, 
-0.0173727, 0.0196413, 0.00319972, 0.0888553, 0.157563, 0.00150579, -0.0175636, -0.00675934, -0.0069799, 
-0.0189056, 0.0233306, 0.00252567, 0.101403, 0.175844, 0.000634801, -0.0185798, -0.00539632, -0.00627534, 
-0.020598, 0.0280744, 0.00175952, 0.117216, 0.198493, -0.000527807, -0.019684, -0.00326314, -0.00499302, 
-0.0224205, 0.034321, 0.000880674, 0.137594, 0.227123, -0.00210542, -0.0208648, 9.36753e-05, -0.00275266, 
-0.024279, 0.0427915, -0.000134409, 0.164591, 0.264211, -0.00427995, -0.0220907, 0.0054567, 0.00111917, 
-0.0259288, 0.0546986, -0.00131148, 0.201611, 0.313748, -0.00734025, -0.0232874, 0.0142439, 0.00787741, 
-0.0267682, 0.072224, -0.00266561, 0.254679, 0.382542, -0.0117443, -0.0242953, 0.0291883, 0.0200032, 
-0.0252773, 0.0996131, -0.00416311, 0.335355, 0.483103, -0.0182518, -0.0247752, 0.0559877, 0.0428077, 
-0.0173556, 0.146051, -0.00558318, 0.468328, 0.640787, -0.0281299, -0.0239834, 0.107821, 0.0888983, 
0.00951958, 0.234491, -0.00596214, 0.714678, 0.914327, -0.0433777, -0.0202237, 0.21992, 0.192884, 
0.102119, 0.435563, -0.000901185, 1.26144, 1.46897, -0.0656004, -0.00932127, 0.50883, 0.472311, 
0.506592, 1.0511, 0.0355805, 2.9115, 2.93702, -0.0760387, 0.0201637, 1.51823, 1.48999, 
3.71477, 4.42542, 0.375675, 12.0541, 9.55583, 0.365468, 0.114277, 8.06433, 8.34995, 
129.721, 85.4438, 12.9459, 248.585, 129.208, 33.3953, 3.46604, 217.575, 233.606, 
877050, 320028, 69007.2, 1.10621e+06, 338775, 298041, 57428.6, 1.24389e+06, 1.34614e+06, 
1.28476e+17, 3.49878e+16, 8.5053e+15, 1.37172e+17, 3.25376e+16, 4.80688e+16, 1.06405e+16, 1.71015e+17, 1.85313e+17, 
-3.14192e+36, 2.69449e+35, 8.02142e+35, -7.46305e+36, -6.10246e+35, -3.63469e+36, 2.28485e+36, 7.2964e+36, -8.55358e+36, 
6.96224e+36, -2.45862e+36, -2.1566e+34, 1.06423e+36, 2.50871e+36, 4.4342e+35, 8.44038e+36, 5.95178e+36, 2.05671e+36, 
5.8764e+36, 3.96471e+36, 2.44477e+35, 2.70527e+36, 1.69197e+35, 9.32995e+35, 1.04404e+36, -9.49396e+36, -8.11979e+36, 
-6.66105e+36, -2.46377e+36, 3.70986e+35, -2.26866e+36, 1.88433e+36, -1.8768e+35, 1.9848e+36, 1.33546e+36, 1.27847e+37, 
-1.85676e+36, 3.63088e+36, -7.50655e+35, 8.08551e+36, -5.10346e+35, 7.75907e+34, 4.24395e+36, 1.0429e+37, -4.99403e+36, 
2.60481e+36, 5.25409e+36, 1.46213e+36, 3.78332e+35, -2.29106e+35, -1.05212e+36, -3.73373e+36, -8.78913e+36, -1.64182e+37, 
-5.02481e+36, 2.13994e+36, -1.3196e+34, 5.53781e+35, -1.44686e+36, 4.56507e+36, -6.77685e+36, 1.04695e+36, 3.48749e+35, 
-2.89418e+36, -7.40935e+36, 3.04447e+35, -7.47326e+36, 1.17428e+36, -5.26435e+35, 1.62755e+36, -2.76837e+36, 4.23706e+36, 
4.65599e+36, 4.22378e+36, 1.02456e+36, 6.411e+36, -2.2135e+36, 8.80809e+36, -2.48683e+36, 4.86816e+36, 6.63627e+36, 
4.02641e+36, -1.77131e+36, -5.14999e+35, 2.56573e+36, -1.05342e+36, 1.15501e+36, 6.12976e+35, 9.8067e+35, -8.0181e+36, 
1.70788e+36, -3.77162e+36, -6.17583e+35, -1.35091e+36, 2.77494e+36, -2.2977e+36, -3.35704e+36, -1.7582e+36, 9.33222e+36, 
-1.7595e+36, -2.53616e+36, -2.56611e+36, -4.02601e+36, 1.55657e+36, 2.43584e+36, -1.46257e+36, 1.63368e+37, 5.4709e+36, 
-8.47256e+36, 1.33706e+36, 1.44245e+35, -2.21099e+36, -3.09668e+36, -9.66908e+36, -7.37219e+36, -8.23804e+36, -1.08874e+37, 
8.84607e+36, -1.03543e+35, -3.20658e+35, 1.01162e+37, 7.44574e+35, 3.12345e+36, -7.71508e+35, -3.05094e+36, 1.72796e+37, 
-6.58524e+36, -5.42566e+35, -1.69476e+36, -1.26431e+36, 2.65133e+36, 2.27708e+36, 5.42636e+36, -3.42339e+36, -4.11046e+35, 
-9.21477e+35, 3.46802e+36, 3.19705e+34, -5.12868e+36, 3.353e+36, -8.84253e+34, -7.43249e+36, -4.5223e+36, -7.34032e+36, 
6.23615e+36, -6.60928e+36, -4.51103e+34, -1.26128e+37, 3.4175e+36, 2.32989e+36, -6.99933e+35, 4.50662e+36, -2.9606e+36, 
-2.90606e+36, 4.41122e+36, -1.66151e+36, 2.23371e+36, 3.59908e+35, -2.76351e+35, 2.98703e+36, -2.45998e+36, 1.43734e+37, 
7.23122e+36, -7.54062e+35, -4.23543e+35, 3.3983e+36, -3.05365e+36, 2.42895e+36, 6.50222e+36, 1.54784e+36, 3.63478e+35, 
-1.33584e+37, -6.53603e+36, -1.25138e+36, 8.89572e+35, 8.19309e+35, -3.89939e+36, 4.87251e+36, -1.04377e+37, 4.49611e+35, 
1.29453e+37, 3.13094e+36, -6.91673e+35, -1.60488e+36, -2.22571e+36, -5.61647e+35, 1.27992e+36, -5.48453e+36, 5.03335e+36, 
-1.06779e+36, 3.97155e+35, -2.01444e+35, -1.17703e+36, -3.34602e+36, 3.84668e+35, -6.29768e+35, 1.92545e+36, -3.86288e+36, 
5.90653e+35, -4.51097e+36, -4.10269e+35, 2.05855e+36, -3.56257e+35, 4.20654e+36, 3.04642e+36, 1.00507e+36, -6.18275e+36, 
-1.17394e+37, 1.92716e+36, -1.5422e+36, 2.66493e+36, 6.88282e+35, -1.0262e+37, -4.57197e+36, 2.46405e+36, -4.40733e+36, 
3.23844e+36, 7.89246e+35, -3.41807e+35, 4.85785e+36, -2.44389e+35, 1.27942e+35, -1.64428e+36, 5.02703e+36, 3.35249e+36, 
4.55982e+36, 8.83043e+35, -1.14328e+35, -2.63766e+36, -3.46936e+36, 1.7805e+36, 3.92245e+36, -3.38088e+36, -7.02395e+35, 
-1.90527e+36, 2.74934e+36, -9.38446e+35, 5.25811e+36, 1.06169e+36, -9.73097e+36, 3.63079e+36, -3.12705e+36, 2.05827e+36, 
-3.79859e+36, 4.92671e+36, -8.75493e+35, -2.14e+36, 1.39445e+36, -2.11765e+36, 3.70829e+36, 9.50964e+34, 2.41758e+36, 
7.17077e+36, -1.76017e+36, -5.38428e+35, -4.75317e+36, 2.05689e+36, -4.22208e+35, -4.31542e+36, -1.55625e+37, -6.26048e+36, 
8.29177e+35, 2.78191e+36, 1.9905e+36, -8.55638e+36, 3.04013e+36, 2.31805e+36, 7.2838e+35, 8.78609e+36, 4.17692e+36, 
5.07842e+36, 3.07771e+36, 2.37956e+36, -4.55805e+36, 4.28015e+36, 6.11997e+36, 4.58013e+36, -3.45008e+35, 6.9013e+36, 
2.22927e+36, -5.70837e+36, 6.97215e+35, -1.38075e+36, -5.56463e+34, -1.34576e+36, -6.63753e+36, 5.59385e+35, -1.91883e+36, 
-5.86333e+36, 4.00393e+36, -5.70804e+35, 4.35389e+36, -2.23925e+36, -3.56867e+36, -2.22933e+36, -8.34175e+35, -1.1629e+37, 
7.16297e+36, 4.04421e+36, 1.8652e+35, 1.31663e+37, -3.24831e+36, -4.13391e+36, -1.90233e+36, -9.03498e+36, 6.7733e+36, 
-4.53881e+36, -1.19913e+36, 3.10868e+35, 3.14257e+36, 1.05634e+36, 1.67348e+36, -2.97906e+35, 1.1539e+37, 1.12934e+36, 
-3.00244e+36, 1.62618e+36, -1.08688e+35, -3.86767e+36, -1.39172e+36, 4.2111e+36, -1.76771e+36, -4.86815e+36, 5.12994e+36, 
-1.22958e+36, -1.65156e+35, 4.94391e+35, -1.462e+35, -1.28406e+36, -5.47293e+36, 6.80919e+36, -5.81204e+36, -8.40942e+36, 
-5.72109e+35, 3.48942e+36, 2.56837e+36, -3.07523e+36, -3.39876e+36, 9.60804e+36, -5.08607e+36, 1.39045e+37, -2.83256e+36, 
-7.07739e+36, 1.12402e+36, 1.89012e+36, -9.60303e+35, 2.66996e+36, 2.53648e+36, -4.80796e+36, -2.20433e+36, -1.01752e+37, 
6.67214e+34, 3.64049e+36, -1.62033e+35, 4.76779e+36, 2.00179e+36, 2.99447e+36, -1.14275e+35, 1.40374e+36, 1.68243e+37, 
-8.27269e+35, -3.1164e+36, 1.13153e+36, 4.82339e+36, -2.43864e+36, -7.58431e+36, -6.05439e+35, 8.14265e+36, -1.25522e+37, 
8.56617e+35, -4.49353e+36, 3.36509e+35, 3.06321e+36, -1.64217e+36, -2.74917e+36, -1.97771e+36, 1.24052e+36, -6.02049e+36, 
5.79361e+36, 3.78273e+36, -2.35416e+35, 2.0943e+36, 3.91066e+35, 2.21075e+36, -2.39485e+35, 3.7826e+36, 1.32891e+36, 
-4.2138e+36, -1.76181e+36, -7.80664e+35, -2.75673e+36, -4.56915e+36, 4.85371e+34, 5.70892e+36, 4.70785e+36, 2.72125e+36, 
5.69419e+36, -8.58975e+35, -1.85504e+36, -3.31952e+35, -2.23807e+36, 9.27319e+35, 1.77021e+36, -1.06276e+37, -3.21243e+36, 
5.88112e+36, 2.06486e+36, 6.01582e+35, -1.34629e+37, 3.40317e+35, -1.01261e+36, 3.39564e+35, 5.1742e+36, 8.93344e+36, 
3.58633e+36, 2.15307e+35, 1.4397e+35, -1.85683e+36, -2.16593e+36, -2.28655e+36, -7.05108e+35, -2.03407e+35, -3.20489e+36, 
-8.8081e+36, -2.56278e+36, -2.23169e+36, 1.70226e+36, 2.5499e+35, 2.7624e+36, 6.03093e+36, 4.8645e+36, 6.69552e+36, 
-6.83806e+36, -6.71212e+36, 6.80026e+35, 4.87028e+36, -6.37038e+35, 1.00991e+36, -6.94187e+36, 2.05343e+36, -1.11853e+37, 
-2.05536e+36, -6.45629e+36, 8.6479e+35, 3.8522e+36, -3.08051e+36, -3.7631e+36, 5.27488e+35, -2.74365e+36, 5.67086e+35, 
8.60545e+36, 2.43406e+36, 3.0608e+35, 6.16231e+36, 2.174e+36, -1.80508e+36, -3.6662e+36, 2.85193e+36, 1.71572e+36, 
-9.48229e+36, -6.2485e+35, 1.25546e+36, 2.46816e+36, -3.44488e+36, 7.17392e+36, -6.02722e+35, -7.46085e+36, -2.99598e+36, 
6.55662e+35, 4.50998e+36, 7.94217e+35, -3.67329e+36, -5.16972e+36, 2.81452e+36, 2.19585e+36, -7.42222e+36, 9.60832e+36, 
4.48829e+36, 6.99997e+36, 1.12845e+36, 9.56861e+35, -1.17813e+36, -1.72795e+36, -5.34163e+36, -2.33692e+36, 1.76713e+36, 
-3.91124e+36, -5.30413e+36, -4.56835e+35, -4.40041e+36, 6.93775e+36, 3.63264e+36, 7.59035e+36, -5.15332e+36, 1.13138e+37, 
6.32214e+36, -1.79845e+36, 7.48021e+35, -9.70246e+36, 1.24194e+36, -2.30468e+36, -5.32836e+36, 7.3458e+36, -9.42215e+36, 
-8.74583e+36, -2.30676e+36, -1.08626e+36, -6.29141e+36, -3.06939e+36, 2.44512e+36, 3.61701e+36, 6.36015e+36, 1.09665e+36, 
-2.5556e+35, 7.51691e+35, -1.88374e+36, 5.03136e+36, 5.2556e+35, -2.04451e+36, 5.94398e+36, 3.2103e+36, 8.73023e+35, 
-8.10462e+36, -1.08227e+36, -1.94275e+36, -2.25879e+35, 5.22976e+36, -1.29765e+36, -2.90112e+36, -5.62227e+35, -1.2613e+37, 
5.09499e+36, 1.48254e+36, -1.57322e+35, -1.09589e+36, -1.04544e+35, 3.88968e+36, -2.76098e+36, -7.45602e+36, 5.71139e+36, 
1.11211e+37, -2.41801e+36, -4.69575e+34, 1.36338e+37, -2.56452e+36, -1.10687e+36, -2.50835e+35, 1.60379e+35, 9.19069e+36, 
-1.63113e+36, -1.75113e+36, 2.15985e+36, 8.28817e+35, 2.05125e+36, 4.76201e+36, -1.70313e+36, 1.50439e+36, 8.62494e+36, 
-1.02494e+36, -2.32498e+36, -1.5369e+35, -5.0721e+35, -2.3494e+36, -1.30812e+36, -2.09175e+36, 2.78874e+36, -9.46811e+36, 
6.74411e+36, -1.88968e+36, 5.14268e+35, 4.71405e+36, -3.81324e+36, -2.51276e+36, 4.4839e+36, -9.56931e+36, -6.80524e+36, 
2.75211e+36, -8.50422e+35, 1.14893e+36, 2.38825e+36, 3.23662e+36, 8.46147e+36, 8.22732e+36, 6.89925e+36, 4.44771e+36, 
-6.7736e+36, 5.12713e+36, 1.25946e+36, -7.53095e+36, 2.10681e+36, -1.39692e+37, -7.42546e+35, -7.16351e+36, -1.02905e+37, 
2.29547e+36, -3.12149e+36, -5.40707e+35, 6.79976e+36, 1.32394e+36, -1.18844e+37, -6.99089e+36, 5.97698e+36, -3.40551e+36, 
6.13294e+36, 5.55757e+36, 2.04943e+36, 2.72553e+36, 2.41543e+36, 2.795e+36, -5.45195e+36, -1.28143e+37, 1.88652e+37, 
9.53155e+36, -3.78006e+35, -1.28887e+36, 1.29686e+36, -3.65203e+35, 6.88872e+35, -3.46065e+36, -6.88591e+36, 3.84437e+36, 
5.82229e+35, 2.35544e+36, -1.89559e+36, -4.53089e+36, -4.45169e+36, 9.58755e+36, 9.18641e+36, 7.43312e+36, -4.42721e+36, 
2.79676e+36, -2.61835e+36, -5.82414e+35, -4.43559e+36, -1.55462e+36, -2.57554e+36, -1.32352e+35, -8.69383e+35, -1.13291e+37, 
-7.2607e+36, 2.4731e+36, 1.63583e+36, -4.72202e+36, 1.30914e+36, -5.12446e+35, -1.47732e+36, 6.13299e+35, 7.59568e+36, 
-4.49671e+35, 4.45865e+36, 1.93323e+35, -2.53752e+36, 2.81762e+35, -1.33172e+36, -2.36435e+36, 2.37007e+36, -9.24665e+35, 
2.02362e+36, -3.39526e+36, 1.3198e+36, -1.41447e+36, 5.2408e+35, 4.70299e+36, 4.8621e+36, -3.66552e+36, -1.26893e+36, 
1.61268e+36, -9.35418e+35, 1.53881e+35, -8.16162e+35, 3.42317e+36, -3.29994e+36, -1.58688e+36, 1.03362e+37, -7.62781e+36, 
-5.97944e+36, -1.91987e+36, 1.62848e+35, -2.37786e+36, 2.03605e+36, 7.47109e+35, -2.77927e+36, 5.8762e+36, 4.39807e+35, 
-5.24048e+34, 2.73511e+36, -1.85817e+35, 1.46631e+36, -4.45229e+35, -1.93224e+36, -4.10705e+36, -6.57273e+36, -6.83185e+36, 
8.69929e+36, 3.70676e+36, -2.57352e+35, 5.74651e+36, -1.39899e+36, 1.61299e+36, 5.71645e+36, 3.62863e+35, 8.39249e+36, 
6.47657e+35, -1.52562e+36, -1.31318e+36, 2.90702e+36, 7.55994e+36, 2.59957e+36, 2.76244e+36, -3.6353e+36, 7.14239e+36, 
1.38025e+36, -9.28668e+35, -3.85686e+35, -2.58277e+36, -3.53623e+36, -5.54804e+36, -3.33757e+36, -4.48273e+36, -1.11165e+36, 
-6.90699e+36, -4.5842e+36, -2.48245e+35, -6.63786e+36, 7.88265e+34, 4.73475e+36, -2.00091e+36, -9.40808e+36, 1.21628e+36, 
-2.65041e+36, -8.0136e+35, 1.8073e+36, -7.10645e+35, 6.7006e+35, -3.58131e+36, 2.62489e+36, -3.05198e+36, 1.0858e+36, 
8.10245e+36, -3.24137e+36, 9.92095e+35, 3.30579e+36, -8.06206e+35, 8.65105e+36, -6.40276e+34, -6.7318e+36, 1.09275e+37, 
-1.48336e+37, -6.41244e+35, 9.70907e+35, -6.84454e+34, 2.9114e+36, 3.11433e+36, -6.6922e+36, -2.13455e+36, 1.33602e+36, 
-1.48522e+36, 4.42931e+34, 8.58187e+35, 9.37022e+35, -2.37629e+36, -3.22379e+36, 6.30872e+36, 5.50656e+36, -7.77482e+36, 
6.65172e+36, -1.61473e+36, -1.57358e+35, 1.5401e+36, -3.13381e+36, -1.05755e+36, -8.6727e+36, 4.60747e+36, 4.79346e+36, 
-1.74923e+37, 2.57397e+36, -1.61297e+36, -1.42984e+36, 1.62536e+36, -5.76841e+36, 1.81783e+36, -7.12172e+36, 3.1021e+36, 
9.19926e+36, 3.049e+36, -6.33851e+35, 2.64797e+36, 2.13707e+36, 1.44735e+36, 8.14186e+35, 1.28145e+37, 5.14412e+35, 
7.7504e+36, -5.00242e+35, 4.87258e+35, 1.01504e+36, -1.91401e+36, 3.33136e+36, -6.60877e+36, 6.76044e+36, -3.01435e+36, 
3.27491e+36, -8.18719e+36, 1.38326e+36, -4.29431e+36, -2.48266e+36, -5.04009e+36, 7.56137e+35, 1.70998e+36, -3.32337e+36, 
4.4434e+36, -1.43759e+36, -9.945e+35, -3.96592e+36, -2.25257e+36, -1.19751e+36, 9.97997e+36, -5.80441e+36, 1.25248e+36, 
7.5269e+36, 6.82784e+35, 2.70224e+36, -1.7664e+36, 1.41594e+36, 4.12997e+36, 5.86548e+36, -1.32229e+36, -5.699e+36, 
-5.82652e+36, 1.0548e+36, 6.93839e+35, 2.35355e+35, 3.27655e+36, -2.88491e+36, 2.60742e+36, -3.95683e+36, -4.37752e+36, 
4.17352e+36, 1.25449e+36, 3.22637e+34, -4.76493e+36, -3.42263e+35, 5.74604e+36, -2.62651e+36, 1.56746e+36, -3.49644e+36, 
2.33218e+36, 5.83003e+36, -8.44246e+35, 2.04468e+36, 3.23819e+36, -2.53685e+36, -6.35685e+35, 1.13031e+37, 1.12666e+37, 
-8.84358e+36, -1.41198e+36, 4.99682e+35, -3.22098e+36, -3.59548e+36, 2.40845e+36, -5.80254e+35, -1.14504e+37, -5.38062e+36, 
9.04915e+36, -2.98606e+36, 9.63086e+35, 5.2153e+36, -6.24999e+35, 9.14856e+34, 3.62039e+36, 1.12709e+37, -8.47853e+36, 
-5.01e+36, 5.26629e+35, -1.76624e+35, -6.0882e+35, 2.41866e+36, -1.72097e+36, -4.57632e+36, -2.22846e+36, 1.00473e+37, 
-7.88199e+36, -4.29777e+36, 2.01841e+36, -3.35068e+36, -4.05688e+35, -1.53468e+37, -3.08807e+36, -9.44025e+35, -1.56259e+36, 
1.40344e+36, 4.94336e+35, 5.79971e+35, -7.34217e+35, 1.03336e+36, 6.12719e+36, 3.40032e+36, -5.05115e+36, 4.92841e+36, 
-3.93428e+36, 4.47195e+36, -6.49701e+35, 6.72325e+34, 1.44237e+36, -3.30515e+36, -3.33711e+36, 3.97835e+36, -7.92584e+35, 
-5.43988e+36, 2.08828e+36, -2.21701e+36, 4.40713e+36, -7.5171e+35, 2.94328e+36, 5.04883e+36, 2.02191e+34, -6.56109e+36, 
-5.8824e+36, 5.00663e+36, -1.97798e+36, 7.28852e+35, -5.61503e+35, 5.59726e+36, 3.27784e+36, 1.37598e+37, 2.92713e+36, 
