-0.149996, 0.100001, 0.0499999, 0.5, 0.2, -0.05, -0.25, -0.35, -0.2, 
-0.0737846, 0.102255, 0.0499999, 0.484301, 0.186546, 0.00240985, -0.196954, -0.221443, -0.073667, 
-0.061718, 0.0889778, 0.0464113, 0.423553, 0.165342, 0.0129841, -0.164241, -0.185711, -0.0573771, 
-0.0556438, 0.0763812, 0.0430196, 0.368092, 0.146699, 0.0181965, -0.13835, -0.161653, -0.051262, 
-0.0505467, 0.0655891, 0.0400749, 0.320953, 0.131078, 0.0216127, -0.117222, -0.141728, -0.0465984, 
-0.0459805, 0.0564281, 0.0375289, 0.28113, 0.118069, 0.0238623, -0.0999027, -0.124806, -0.0425593, 
-0.0418806, 0.048644, 0.0353179, 0.247422, 0.107229, 0.0252469, -0.0856654, -0.110371, -0.0390094, 
-0.0382035, 0.0420118, 0.0333872, 0.218786, 0.0981678, 0.0259837, -0.0739207, -0.0980221, -0.0358766, 
-0.0349096, 0.0363438, 0.0316902, 0.194354, 0.0905615, 0.0262375, -0.0641947, -0.0874212, -0.0330996, 
-0.0319576, 0.0314836, 0.0301907, 0.173414, 0.0841442, 0.0261359, -0.0561054, -0.0782878, -0.0306279, 
-0.0293082, 0.0273031, 0.0288569, 0.155383, 0.0787017, 0.0257752, -0.0493487, -0.0703887, -0.028415, 
-0.0269287, 0.0236963, 0.0276641, 0.139784, 0.0740604, 0.0252294, -0.0436804, -0.0635309, -0.0264254, 
-0.024788, 0.0205759, 0.0265914, 0.126231, 0.0700801, 0.0245542, -0.0389047, -0.0575539, -0.0246275, 
-0.0228599, 0.0178693, 0.0256218, 0.114404, 0.0666482, 0.0237926, -0.0348636, -0.0523256, -0.0229962, 
-0.0211201, 0.0155163, 0.0247402, 0.104041, 0.0636736, 0.0229766, -0.03143, -0.047736, -0.0215111, 
-0.0195481, 0.0134665, 0.0239357, 0.0949252, 0.0610828, 0.022131, -0.0284999, -0.0436936, -0.0201529, 
-0.0181264, 0.0116772, 0.0231971, 0.0868788, 0.0588147, 0.0212738, -0.0259902, -0.0401206, -0.0189094, 
-0.0168389, 0.010113, 0.0225171, 0.0797518, 0.0568215, 0.0204188, -0.0238318, -0.0369534, -0.0177661, 
-0.0156712, 0.00874436, 0.0218879, 0.0734186, 0.0550622, 0.0195762, -0.021968, -0.0341371, -0.0167146, 
-0.0146118, 0.00754472, 0.0213032, 0.067775, 0.0535036, 0.0187533, -0.0203533, -0.0316263, -0.0157442, 
-0.0136488, 0.00649282, 0.020758, 0.0627324, 0.052119, 0.0179552, -0.0189491, -0.0293809, -0.0148478, 
-0.0127738, 0.00556953, 0.020248, 0.0582156, 0.0508843, 0.0171853, -0.0177233, -0.027368, -0.0140193, 
-0.0119776, 0.00475919, 0.0197695, 0.0541601, 0.0497817, 0.0164458, -0.0166502, -0.0255597, -0.013252, 
-0.0112524, 0.00404783, 0.0193185, 0.0505118, 0.048795, 0.0157388, -0.0157068, -0.0239303, -0.0125414, 
-0.0105922, 0.00342368, 0.0188926, 0.0472237, 0.0479108, 0.0150641, -0.0148752, -0.0224598, -0.0118828, 
-0.00999093, 0.0028761, 0.0184886, 0.0442556, 0.0471185, 0.0144215, -0.0141402, -0.0211295, -0.0112718, 
-0.00944272, 0.0023964, 0.0181053, 0.0415725, 0.0464081, 0.0138116, -0.0134885, -0.0199234, -0.0107052, 
-0.00894293, 0.00197611, 0.0177399, 0.0391438, 0.0457719, 0.0132329, -0.0129086, -0.0188287, -0.01018, 
-0.00848792, 0.00160915, 0.0173915, 0.036944, 0.0452036, 0.0126854, -0.0123918, -0.0178323, -0.00969212, 
-0.00807309, 0.00128958, 0.0170574, 0.0349494, 0.0446968, 0.0121667, -0.0119299, -0.0169246, -0.00924036, 
-0.00769517, 0.00101174, 0.0167375, 0.0331409, 0.0442472, 0.0116766, -0.0115168, -0.0160959, -0.00882118, 
-0.00735177, 0.000771507, 0.0164294, 0.0315, 0.0438505, 0.0112143, -0.0111457, -0.0153394, -0.00843243, 
-0.00703925, 0.000564348, 0.0161329, 0.0300118, 0.0435041, 0.0107774, -0.0108126, -0.0146465, -0.00807294, 
-0.0067558, 0.000387512, 0.0158466, 0.0286625, 0.0432045, 0.0103657, -0.0105132, -0.0140124, -0.0077399, 
-0.00649864, 0.000237144, 0.0155694, 0.0274403, 0.0429496, 0.00997701, -0.0102435, -0.0134305, -0.00743184, 
-0.0062665, 0.000111391, 0.0153009, 0.0263349, 0.0427376, 0.0096111, -0.0100009, -0.0128971, -0.00714754, 
-0.00605689, 6.83941e-06, 0.0150407, 0.0253365, 0.0425675, 0.00926652, -0.00978221, -0.0124067, -0.00688523, 
-0.00586872, -7.77093e-05, 0.0147871, 0.024437, 0.042437, 0.00894167, -0.00958572, -0.0119566, -0.00664405, 
-0.00569976, -0.000144259, 0.0145404, 0.0236291, 0.0423468, 0.00863625, -0.00940973, -0.0115426, -0.00642196, 
-0.00555025, -0.000194966, 0.0142996, 0.0229072, 0.0422952, 0.00834804, -0.00925189, -0.0111629, -0.00621876, 
-0.00541797, -0.000230004, 0.0140644, 0.0222645, 0.0422827, 0.00807706, -0.00911087, -0.0108136, -0.00603246, 
-0.00530192, -0.000252251, 0.0138339, 0.0216967, 0.0423093, 0.0078226, -0.00898571, -0.0104926, -0.00586275, 
-0.00520147, -0.000261439, 0.0136085, 0.0211993, 0.0423747, 0.00758295, -0.00887573, -0.0101984, -0.00570883, 
-0.00511629, -0.000258546, 0.0133867, 0.020769, 0.0424803, 0.00735762, -0.00877947, -0.00992802, -0.00556942, 
-0.00504468, -0.000245102, 0.013169, 0.0204016, 0.0426261, 0.00714542, -0.00869634, -0.00968109, -0.0054444, 
-0.00498732, -0.000221141, 0.0129544, 0.0200959, 0.0428137, 0.00694619, -0.00862554, -0.00945514, -0.00533267, 
-0.00494273, -0.000186823, 0.0127427, 0.0198482, 0.0430439, 0.00675942, -0.00856696, -0.00924965, -0.00523436, 
-0.0049114, -0.000143353, 0.012534, 0.0196572, 0.043319, 0.00658362, -0.00852019, -0.00906241, -0.0051477, 
-0.00489228, -9.0408e-05, 0.0123272, 0.0195219, 0.0436405, 0.00641878, -0.00848467, -0.00889301, -0.00507313, 
-0.00488531, -2.85775e-05, 0.0121228, 0.0194408, 0.0440105, 0.00626407, -0.00846022, -0.00874035, -0.00500996, 
-0.00489073, 4.27016e-05, 0.0119198, 0.0194138, 0.0444317, 0.00611859, -0.00844708, -0.00860382, -0.00495856, 
-0.00490869, 0.000122605, 0.0117183, 0.01944, 0.0449069, 0.0059823, -0.0084444, -0.00848255, -0.00491761, 
-0.00493867, 0.000211858, 0.0115173, 0.0195208, 0.0454386, 0.00585442, -0.00845332, -0.00837537, -0.00488734, 
-0.0049805, 0.000310556, 0.0113175, 0.0196557, 0.0460318, 0.00573464, -0.00847313, -0.00828209, -0.0048677, 
-0.00503491, 0.000419594, 0.0111176, 0.0198462, 0.0466902, 0.00562235, -0.00850435, -0.00820267, -0.00485789, 
-0.00510285, 0.000538503, 0.0109179, 0.0200942, 0.0474189, 0.00551702, -0.00854681, -0.00813601, -0.00485881, 
-0.00518367, 0.000668383, 0.0107179, 0.0204016, 0.0482227, 0.00541801, -0.00860119, -0.00808202, -0.00486949, 
-0.00527838, 0.000810344, 0.0105167, 0.0207712, 0.049108, 0.00532593, -0.00866768, -0.00804033, -0.0048901, 
-0.00538782, 0.000964757, 0.0103146, 0.0212067, 0.0500824, 0.00523864, -0.00874705, -0.00801024, -0.00492121, 
-0.00551237, 0.00113316, 0.0101111, 0.0217113, 0.0511529, 0.00515665, -0.00883994, -0.00799189, -0.00496195, 
-0.00565299, 0.00131686, 0.00990525, 0.0222901, 0.0523293, 0.00507935, -0.00894648, -0.00798499, -0.00501422, 
-0.00581101, 0.0015174, 0.00969676, 0.0229499, 0.0536214, 0.00500654, -0.00906749, -0.0079895, -0.00507608, 
-0.00598759, 0.00173659, 0.00948548, 0.0236964, 0.0550413, 0.00493657, -0.0092049, -0.00800431, -0.00514884, 
-0.00618384, 0.0019767, 0.00927017, 0.024538, 0.0566033, 0.00487006, -0.00935839, -0.00803034, -0.00523234, 
-0.00640171, 0.00224096, 0.00905092, 0.0254851, 0.0583224, 0.00480547, -0.00953006, -0.0080657, -0.00532702, 
-0.00664346, 0.00253191, 0.0088262, 0.0265474, 0.0602175, 0.00474209, -0.00972118, -0.00811153, -0.00543316, 
-0.0069108, 0.00285355, 0.00859598, 0.0277401, 0.0623094, 0.00467897, -0.00993215, -0.00816643, -0.00555052, 
-0.00720704, 0.00320995, 0.00835845, 0.0290778, 0.0646232, 0.00461539, -0.0101661, -0.00822963, -0.00567946, 
-0.0075347, 0.00360723, 0.00811294, 0.0305812, 0.0671884, 0.0045491, -0.0104246, -0.0083006, -0.00582018, 
-0.00789703, 0.0040518, 0.0078587, 0.0322714, 0.0700397, 0.00447916, -0.0107098, -0.00837639, -0.00597168, 
-0.00829905, 0.00455194, 0.00759359, 0.034177, 0.0732184, 0.00440311, -0.0110241, -0.00845696, -0.00613463, 
-0.00874452, 0.0051162, 0.00731603, 0.0363309, 0.0767745, 0.00431878, -0.0113709, -0.00853818, -0.00630693, 
-0.00923929, 0.00575748, 0.00702497, 0.0387746, 0.0807677, 0.00422282, -0.0117524, -0.00861675, -0.0064884, 
-0.00978944, 0.00649058, 0.00671758, 0.0415574, 0.0852712, 0.00411081, -0.0121733, -0.00868664, -0.00667459, 
-0.010403, 0.00733463, 0.00639035, 0.044743, 0.0903748, 0.0039779, -0.0126376, -0.00874026, -0.00686312, 
-0.0110882, 0.00831328, 0.00604209, 0.0484087, 0.0961905, 0.00381717, -0.0131497, -0.00876663, -0.00704728, 
-0.0118548, 0.00945653, 0.00566696, 0.052654, 0.102859, 0.00361981, -0.0137151, -0.008751, -0.00721764, 
-0.0127147, 0.0108052, 0.00526182, 0.0576077, 0.110558, 0.00337454, -0.01434, -0.00866977, -0.00735985, 
-0.0136803, 0.0124123, 0.00482021, 0.0634374, 0.119518, 0.00306583, -0.0150303, -0.00849116, -0.00745161, 
-0.0147667, 0.014348, 0.00433567, 0.0703647, 0.130041, 0.00267195, -0.0157931, -0.00816769, -0.00745886, 
-0.0159893, 0.0167108, 0.00379973, 0.0786898, 0.142528, 0.00216563, -0.0166345, -0.00762737, -0.00733012, 
-0.017361, 0.0196369, 0.0032013, 0.088829, 0.157528, 0.00150532, -0.0175615, -0.00676102, -0.00698077, 
-0.0188943, 0.0233251, 0.00252737, 0.101371, 0.175801, 0.000635253, -0.0185775, -0.00539909, -0.00627711, 
-0.0205864, 0.0280657, 0.00176143, 0.117175, 0.19844, -0.000527294, -0.0196815, -0.00326801, -0.00499573, 
-0.0224089, 0.0343088, 0.000882563, 0.137542, 0.227054, -0.00210324, -0.0208625, 8.51947e-05, -0.00275813, 
-0.0242672, 0.0427731, -0.000132527, 0.164521, 0.264121, -0.00427654, -0.022088, 0.00544263, 0.00110889, 
-0.0259182, 0.0546712, -0.00130884, 0.201514, 0.313625, -0.00733416, -0.0232847, 0.014221, 0.00785907, 
-0.0267606, 0.072181, -0.00266251, 0.254538, 0.382367, -0.0117349, -0.0242934, 0.0291482, 0.0199697, 
-0.0252775, 0.0995419, -0.00415992, 0.335134, 0.48284, -0.0182368, -0.0247748, 0.0559122, 0.0427414, 
-0.0173779, 0.145923, -0.00558092, 0.467949, 0.640357, -0.0281055, -0.023987, 0.107668, 0.0887584, 
0.00942839, 0.234226, -0.00596442, 0.713932, 0.913536, -0.0433383, -0.0202364, 0.219566, 0.192547, 
0.101768, 0.434892, -0.000927594, 1.25961, 1.46721, -0.065546, -0.00935697, 0.507817, 0.47131, 
0.504784, 1.04866, 0.0353997, 2.90495, 2.93157, -0.0760971, 0.0200648, 1.51402, 1.48567, 
3.69518, 4.4072, 0.373562, 12.0041, 9.52269, 0.362023, 0.113869, 8.02663, 8.31001, 
128.293, 84.6198, 12.808, 246.119, 128.071, 32.9966, 3.42028, 215.284, 231.137, 
850759, 310732, 66970.6, 1.07368e+06, 329109, 289012, 55652.5, 1.20687e+06, 1.30607e+06, 
1.17346e+17, 3.19683e+16, 7.77045e+15, 1.25313e+17, 2.97328e+16, 4.39001e+16, 9.7164e+15, 1.56211e+17, 1.69272e+17, 
-5.59749e+36, 7.43144e+34, 7.96448e+35, -1.82861e+36, 9.16374e+35, 1.52085e+36, -1.79051e+35, 1.88763e+36, -1.5531e+36, 
1.64776e+36, -1.61966e+36, -9.93381e+35, 3.54916e+36, -1.73975e+36, -7.16119e+36, -7.7251e+36, -2.80102e+36, 1.10827e+37, 
-4.97993e+36, 2.10038e+36, -1.13773e+36, -2.34998e+36, 7.30276e+35, 2.0471e+36, 5.64336e+35, -6.92678e+36, -1.28524e+36, 
