-0.150003, 0.100001, 0.0499997, 0.5, 0.2, -0.05, -0.25, -0.35, -0.2, 
-0.0737903, 0.102254, 0.0499998, 0.484301, 0.186546, 0.00240994, -0.196954, -0.221442, -0.073667, 
-0.0617237, 0.088977, 0.0464111, 0.423553, 0.165342, 0.0129843, -0.164241, -0.185711, -0.0573769, 
-0.055649, 0.0763805, 0.0430193, 0.368093, 0.146699, 0.0181965, -0.13835, -0.161653, -0.0512616, 
-0.0505519, 0.0655882, 0.0400745, 0.320953, 0.131078, 0.0216128, -0.117221, -0.141728, -0.0465981, 
-0.0459859, 0.0564272, 0.0375283, 0.28113, 0.11807, 0.0238624, -0.0999026, -0.124806, -0.0425592, 
-0.0418853, 0.0486432, 0.0353176, 0.247422, 0.107229, 0.0252471, -0.0856651, -0.110371, -0.0390094, 
-0.038209, 0.0420111, 0.0333867, 0.218786, 0.0981675, 0.0259837, -0.0739209, -0.0980217, -0.0358763, 
-0.0349149, 0.0363427, 0.0316901, 0.194355, 0.0905611, 0.0262378, -0.0641942, -0.087421, -0.0330999, 
-0.0319622, 0.0314823, 0.0301902, 0.173414, 0.0841444, 0.0261363, -0.0561055, -0.0782879, -0.0306278, 
-0.0293132, 0.0273021, 0.0288567, 0.155383, 0.0787019, 0.0257757, -0.0493489, -0.0703887, -0.0284152, 
-0.0269337, 0.0236952, 0.0276638, 0.139785, 0.0740603, 0.0252297, -0.0436807, -0.0635305, -0.0264253, 
-0.0247934, 0.0205749, 0.0265911, 0.126232, 0.0700798, 0.0245546, -0.038905, -0.0575538, -0.0246275, 
-0.0228647, 0.0178685, 0.0256214, 0.114404, 0.0666481, 0.0237926, -0.0348636, -0.0523256, -0.0229965, 
-0.0211247, 0.0155154, 0.0247401, 0.104041, 0.0636735, 0.0229769, -0.0314296, -0.0477358, -0.0215104, 
-0.0195533, 0.0134653, 0.0239354, 0.0949259, 0.0610822, 0.0221311, -0.0284999, -0.0436937, -0.0201536, 
-0.0181312, 0.0116763, 0.0231969, 0.0868796, 0.0588149, 0.021274, -0.0259901, -0.0401208, -0.0189094, 
-0.0168436, 0.0101124, 0.0225167, 0.079752, 0.0568216, 0.0204192, -0.023832, -0.0369534, -0.0177669, 
-0.0156761, 0.00874343, 0.0218874, 0.0734194, 0.0550619, 0.0195767, -0.0219684, -0.0341371, -0.0167142, 
-0.0146164, 0.00754366, 0.0213026, 0.0677756, 0.0535038, 0.0187537, -0.0203532, -0.031626, -0.0157442, 
