-0.150001, 0.1, 0.05, 0.5, 0.2, -0.0499999, -0.25, -0.35, -0.2, 
-0.0737888, 0.102253, 0.0500002, 0.484301, 0.186546, 0.00240975, -0.196954, -0.221443, -0.0736668, 
-0.0617218, 0.088976, 0.0464116, 0.423553, 0.165342, 0.0129842, -0.164241, -0.185711, -0.0573769, 
-0.0556473, 0.0763796, 0.0430196, 0.368093, 0.146699, 0.0181967, -0.13835, -0.161653, -0.0512616, 
-0.0505505, 0.0655873, 0.0400748, 0.320953, 0.131078, 0.0216131, -0.117222, -0.141728, -0.0465985, 
-0.0459843, 0.0564262, 0.037529, 0.28113, 0.118069, 0.0238625, -0.0999026, -0.124806, -0.0425589, 
-0.0418836, 0.0486422, 0.0353183, 0.247422, 0.107229, 0.0252472, -0.0856655, -0.110371, -0.0390096, 
-0.0382074, 0.0420102, 0.0333871, 0.218786, 0.0981678, 0.0259836, -0.0739207, -0.0980222, -0.0358764, 
-0.0349131, 0.036342, 0.0316905, 0.194355, 0.0905614, 0.026238, -0.0641946, -0.0874215, -0.0330998, 
-0.0319608, 0.0314816, 0.0301906, 0.173414, 0.0841443, 0.0261361, -0.0561055, -0.0782879, -0.0306275, 
-0.0293116, 0.0273013, 0.028857, 0.155383, 0.0787018, 0.0257758, -0.0493487, -0.0703886, -0.0284149, 
-0.0269322, 0.0236945, 0.0276644, 0.139785, 0.0740606, 0.0252294, -0.0436807, -0.0635303, -0.0264252, 
-0.0247916, 0.0205741, 0.0265916, 0.126231, 0.0700798, 0.0245543, -0.0389052, -0.0575541, -0.0246275, 
-0.0228631, 0.0178676, 0.025622, 0.114404, 0.0666479, 0.0237927, -0.0348638, -0.0523255, -0.0229963, 
-0.0211236, 0.0155143, 0.0247406, 0.104041, 0.0636735, 0.022977, -0.0314299, -0.0477359, -0.0215103, 
