0.15, -0.1, -0.05, -0.5, -0.2, 0.05, 0.25, 0.35, 0.2,  
0.0737881, -0.102253, -0.05, -0.484301, -0.186546, -0.00241002, 0.196954, 0.221443, 0.0736669,  
0.0617215, -0.0889764, -0.0464114, -0.423553, -0.165342, -0.0129843, 0.164241, 0.18571, 0.0573769,  
0.055647, -0.0763797, -0.0430195, -0.368093, -0.146699, -0.0181967, 0.13835, 0.161653, 0.0512619,  
0.0505499, -0.0655876, -0.0400747, -0.320953, -0.131078, -0.0216129, 0.117222, 0.141728, 0.0465981,  
0.0459839, -0.0564266, -0.0375288, -0.28113, -0.118069, -0.0238624, 0.0999027, 0.124806, 0.0425592,  
0.0418833, -0.0486425, -0.035318, -0.247422, -0.107229, -0.025247, 0.0856654, 0.110371, 0.0390093,  
0.0382069, -0.0420104, -0.033387, -0.218786, -0.0981676, -0.0259837, 0.0739209, 0.098022, 0.0358764,  
0.0349128, -0.0363421, -0.0316903, -0.194354, -0.0905612, -0.0262379, 0.0641945, 0.0874213, 0.0330999,  
0.0319603, -0.0314819, -0.0301905, -0.173414, -0.0841443, -0.0261363, 0.0561054, 0.078288, 0.0306276,  
0.0293114, -0.0273014, -0.0288569, -0.155383, -0.0787018, -0.0257756, 0.0493489, 0.0703888, 0.0284151,  
0.0269318, -0.0236946, -0.0276641, -0.139785, -0.0740603, -0.0252296, 0.0436807, 0.0635307, 0.0264252,  
0.0247912, -0.0205742, -0.0265914, -0.126231, -0.0700799, -0.0245544, 0.0389048, 0.0575538, 0.0246274,  
0.0228628, -0.0178677, -0.0256216, -0.114404, -0.066648, -0.0237927, 0.0348637, 0.0523256, 0.0229963,  
0.021123, -0.0155146, -0.0247403, -0.104041, -0.0636735, -0.0229768, 0.0314298, 0.0477361, 0.0215107,  
0.0195512, -0.0134647, -0.0239355, -0.0949257, -0.0610824, -0.0221311, 0.0285, 0.0436934, 0.0201533,  
0.0181294, -0.0116755, -0.0231972, -0.0868792, -0.0588148, -0.021274, 0.0259901, 0.0401206, 0.0189093,  
0.0168417, -0.0101116, -0.022517, -0.0797519, -0.0568214, -0.0204191, 0.0238316, 0.0369534, 0.0177665,  
0.0156742, -0.00874265, -0.0218877, -0.073419, -0.0550621, -0.0195765, 0.0219682, 0.0341372, 0.0167144,  
0.0146145, -0.00754311, -0.0213031, -0.0677756, -0.0535036, -0.0187536, 0.0203535, 0.0316261, 0.0157441,  
